[app/ui]
version = 6.6.2
modtime = 1506352654.456160500

[app/launcher]
version = 6.6.2
modtime = 1506352654.463375200
